fold  1 
              precision    recall  f1-score   support                                                                                                                                                       
                                                                                                                                                                                                            
           0       0.99      0.89      0.94      9059                                                                                                                                                       
           1       0.29      0.87      0.44       278                                                                                                                                                       
           2       0.85      0.93      0.89       724                                                                                                                                                       
           3       0.23      0.89      0.37        81                                                                                                                                                       
           4       0.91      0.98      0.94       804                                                                                                                                                       
                                                                                                                                                                                                            
    accuracy                           0.90     10946                                                                                                                                                       
   macro avg       0.65      0.91      0.72     10946                                                                                                                                                       
weighted avg       0.95      0.90      0.92     10946                                                                                                                                                       
                                                                                                                                                                                                            
                                                                                                                                                                                                            
                                                                                                                                                                                                            
                                                                                                                                                                                                            
fold  2                                                                                                                                                                                                     
              precision    recall  f1-score   support                                                                                                                                                       
                                                                                                                                                                                                            
           0       0.99      0.90      0.95      9059                                                                                                                                                       
           1       0.35      0.88      0.50       278                                                                                                                                                       
           2       0.85      0.95      0.90       724                                                                                                                                                       
           3       0.19      0.90      0.32        81                                                                                                                                                       
           4       0.94      0.98      0.96       804                                                                                                                                                       
                                                                                                                                                                                                            
    accuracy                           0.91     10946                                                                                                                                                       
   macro avg       0.67      0.92      0.72     10946                                                                                                                                                       
weighted avg       0.96      0.91      0.93     10946   


fold  3                                                                                                                                                                                                     
              precision    recall  f1-score   support                                                                                                                                                       
                                                                                                                                                                                                            
           0       1.00      0.89      0.94      9059                                                                                                                                                       
           1       0.34      0.92      0.50       278                                                                                                                                                       
           2       0.76      0.94      0.84       724                                                                                                                                                       
           3       0.19      0.91      0.32        81                                                                                                                                                       
           4       0.93      0.98      0.96       804                                                                                                                                                       
                                                                                                                                                                                                            
    accuracy                           0.90     10946                                                                                                                                                       
   macro avg       0.65      0.93      0.71     10946                                                                                                                                                       
weighted avg       0.95      0.90      0.92     10946                                                                                                                                                       
                                                                                                                                                                                                            
                                                                                                                                                                                                            
                                                                                                                                                                                                            

fold  4                                                                                                                                                                                                     
              precision    recall  f1-score   support                                                                                                                                                       
                                                                                                                                                                                                            
           0       0.99      0.88      0.93      9059                                                                                                                                                       
           1       0.27      0.89      0.41       278                                                                                                                                                       
           2       0.86      0.95      0.90       724                                                                                                                                                       
           3       0.23      0.95      0.37        80                                                                                                                                                       
           4       0.91      0.99      0.95       804                                                                                                                                                       
                                                                                                                                                                                                            
    accuracy                           0.89     10945                                                                                                                                                       
   macro avg       0.65      0.93      0.71     10945                                                                                                                                                       
weighted avg       0.96      0.89      0.92     10945                                                                                                                                                       
                                                                                                                                                                                                            
                                                                                                                                                                                                            
                                                                                                                                                                                                            
                                                                                                                                                                                                            
fold  5                                                                                                                                                                                                     
              precision    recall  f1-score   support                                                                                                                                                       
                                                                                                                                                                                                            
           0       0.99      0.90      0.95      9059                                                                                                                                                       
           1       0.31      0.91      0.46       278                                                                                                                                                       
           2       0.86      0.91      0.88       724                                                                                                                                                       
           3       0.22      0.93      0.35        80                                                                                                                                                       
           4       0.97      0.99      0.98       804                                                                                                                                                       
                                                                                                                                                                                                            
    accuracy                           0.91     10945                                                                                                                                                       
   macro avg       0.67      0.93      0.72     10945                                                                                                                                                       
weighted avg       0.96      0.91      0.93     10945   



fold  6                                                                                                                                                                                                     
              precision    recall  f1-score   support                                                                                                                                                       
                                                                                                                                                                                                            
           0       1.00      0.90      0.94      9059                                                                                                                                                       
           1       0.33      0.90      0.48       278                                                                                                                                                       
           2       0.82      0.94      0.88       724                                                                                                                                                       
           3       0.27      0.94      0.42        80                                                                                                                                                       
           4       0.90      0.98      0.94       804                                                                                                                                                       
                                                                                                                                                                                                            
    accuracy                           0.91     10945                                                                                                                                                       
   macro avg       0.66      0.93      0.73     10945                                                                                                                                                       
weighted avg       0.95      0.91      0.92     10945                                                                                                                                                       
                                                                                                                                                                                                            
                                                                                                                                                                                                            
                                                                                                                                                                                                            
                                                                                                                                                                                                            
fold  7                                                                                                                                                                                                     
              precision    recall  f1-score   support                                                                                                                                                       
                                                                                                                                                                                                            
           0       1.00      0.89      0.94      9059                                                                                                                                                       
           1       0.31      0.90      0.46       278                                                                                                                                                       
           2       0.75      0.94      0.83       723                                                                                                                                                       
           3       0.25      0.96      0.40        80                                                                                                                                                       
           4       0.94      0.98      0.96       804                                                                                                                                                       
                                                                                                                                                                                                            
    accuracy                           0.90     10944                                                                                                                                                       
   macro avg       0.65      0.93      0.72     10944                                                                                                                                                       
weighted avg       0.95      0.90      0.92     10944                                                                                                                                                       
                                                                                                                                                                                                            
                                                                                                                                                                                                            
                                                                                                                                                                                                            
                                                                                                                                                                                                            
fold  8                                                                                                                                                                                                     
              precision    recall  f1-score   support                                                                                                                                                       
                                                                                                                                                                                                            
           0       0.99      0.90      0.94      9058                                                                                                                                                       
           1       0.29      0.86      0.43       278                                                                                                                                                       
           2       0.86      0.93      0.89       723                                                                                                                                                       
           3       0.26      0.93      0.40        80                                                                                                                                                       
           4       0.94      0.97      0.96       804                                                                                                                                                       

    accuracy                           0.91     10943
   macro avg       0.67      0.92      0.73     10943
weighted avg       0.96      0.91      0.93     10943




fold  9
              precision    recall  f1-score   support

           0       0.99      0.90      0.94      9058
           1       0.31      0.87      0.46       278
           2       0.80      0.93      0.86       723
           3       0.22      0.91      0.35        80
           4       0.94      0.98      0.96       804

    accuracy                           0.90     10943
   macro avg       0.65      0.92      0.72     10943
weighted avg       0.96      0.90      0.92     10943




fold  10
              precision    recall  f1-score   support

           0       0.99      0.88      0.93      9058
           1       0.27      0.89      0.41       277
           2       0.82      0.91      0.86       723
           3       0.19      0.95      0.32        80
           4       0.93      0.99      0.96       803

    accuracy                           0.89     10941
   macro avg       0.64      0.92      0.70     10941
weighted avg       0.95      0.89      0.91     10941




avrg results for all folds:
acc
0.9016661504658376
precision
[0.9945498  0.30640796 0.82214938 0.22480576 0.93276433]
0.6561354484081902
recall
[0.89203744 0.8898878  0.93421574 0.92662037 0.98246129]
0.9250445294306147
f1
[0.94048548 0.45530087 0.87406831 0.36107986 0.9568537 ]
0.7175576439502548


