fold 1
              precision    recall  f1-score   support                                                                                                                                                       
                                                                                                                                                                                                            
           0       1.00      0.92      0.95      9059                                                                                                                                                       
           1       0.37      0.92      0.53       278                                                                                                                                                       
           2       0.88      0.95      0.91       724                                                                                                                                                       
           3       0.23      0.91      0.37        81
           4       0.96      0.99      0.97       804

   micro avg       0.92      0.92      0.92     10946
   macro avg       0.69      0.94      0.75     10946
weighted avg       0.96      0.92      0.94     10946

fold 2
              precision    recall  f1-score   support

           0       1.00      0.92      0.96      9059
           1       0.37      0.91      0.52       278
           2       0.91      0.95      0.93       724
           3       0.25      0.95      0.39        81
           4       0.96      0.99      0.97       804

   micro avg       0.93      0.93      0.93     10946
   macro avg       0.69      0.94      0.75     10946
weighted avg       0.97      0.93      0.94     10946

fold 3
              precision    recall  f1-score   support

           0       1.00      0.91      0.95      9059
           1       0.31      0.92      0.47       278
           2       0.85      0.94      0.90       724
           3       0.29      0.95      0.44        81
           4       0.98      0.99      0.99       804

   micro avg       0.92      0.92      0.92     10946
   macro avg       0.69      0.94      0.75     10946
weighted avg       0.96      0.92      0.93     10946

fold 4
              precision    recall  f1-score   support

           0       1.00      0.92      0.96      9059
           1       0.38      0.94      0.54       278
           2       0.88      0.95      0.91       724
           3       0.26      0.93      0.41        80
           4       0.96      0.99      0.98       804

   micro avg       0.93      0.93      0.93     10945
   macro avg       0.70      0.95      0.76     10945
weighted avg       0.97      0.93      0.94     10945

fold 5
           0       1.00      0.92      0.96      9059
           1       0.39      0.95      0.55       278
           2       0.88      0.94      0.91       724
           3       0.26      0.95      0.41        80
           4       0.97      1.00      0.98       804

   micro avg       0.93      0.93      0.93     10945
   macro avg       0.70      0.95      0.76     10945
weighted avg       0.97      0.93      0.94     10945

fold 6
              precision    recall  f1-score   support

           0       1.00      0.92      0.95      9059
           1       0.39      0.92      0.54       278
           2       0.87      0.95      0.91       724
           3       0.23      0.95      0.37        80
           4       0.96      0.99      0.98       804

   micro avg       0.92      0.92      0.92     10945
   macro avg       0.69      0.95      0.75     10945
weighted avg       0.96      0.92      0.94     10945

fold 7
              precision    recall  f1-score   support

           0       1.00      0.92      0.96      9059
           1       0.38      0.88      0.53       278
           2       0.88      0.96      0.91       723
           3       0.25      0.93      0.39        80
           4       0.96      0.99      0.97       804

   micro avg       0.93      0.93      0.93     10944
   macro avg       0.69      0.94      0.75     10944
weighted avg       0.96      0.93      0.94     10944

fold 8
              precision    recall  f1-score   support

           0       1.00      0.92      0.96      9058
           1       0.38      0.94      0.54       278
           2       0.88      0.96      0.92       723
           3       0.24      0.90      0.38        80
           4       0.98      0.99      0.98       804

   micro avg       0.93      0.93      0.93     10943
   macro avg       0.70      0.94      0.76     10943
weighted avg       0.97      0.93      0.94     10943

fold 9
              precision    recall  f1-score   support

           0       1.00      0.91      0.95      9058
           1       0.36      0.90      0.51       278
           2       0.88      0.97      0.92       723
           3       0.23      0.97      0.37        80
           4       0.97      0.98      0.97       804

   micro avg       0.92      0.92      0.92     10943
   macro avg       0.69      0.95      0.75     10943
weighted avg       0.96      0.92      0.94     10943

fold 10
              precision    recall  f1-score   support

           0       1.00      0.92      0.95      9058
           1       0.36      0.91      0.51       277
           2       0.87      0.94      0.91       723
           3       0.26      0.96      0.41        80
           4       0.97      0.98      0.98       803

   micro avg       0.92      0.92      0.92     10941
   macro avg       0.69      0.94      0.75     10941
weighted avg       0.96      0.92      0.94     10941